

EXPERIMENT INFO for MSS_PROP, PROP001_PROP001_run1.txt_20-Aug-2018_13-24.mat

Subject Code = PROP001
Input File = PROP001_run1.txt
Experiment notes: This is the script for the PRP task, updated 7-19-18.

Tag	Trial	Order	Onset	Dur	RT	Response

instrux	1	1	0.0297	5.0004	0.000	
fix	2	2	5.0464	1.0005	0.000	
cbt09	3	3	6.2298	8.0000	0.000	
fix	4	4	14.2630	0.2001	0.000	
cbt09	5	5	14.5130	8.0001	0.000	
fix	6	6	22.5297	0.2006	0.000	
cbt09	7	7	22.7630	8.0002	0.000	
fix	8	8	30.7964	0.2001	0.000	
cbt09	9	9	31.0298	8.0004	0.000	
fix	10	10	39.0464	0.2006	0.000	
cbt09	11	11	39.2798	8.0004	0.000	
fix	12	12	47.2963	0.2001	0.000	
cbt09	13	13	47.5298	8.0006	0.000	
fix	14	14	55.5464	0.2002	0.000	
cbt09	15	15	55.7798	8.0002	0.000	
fix	16	16	63.7964	0.2003	0.000	
cbt09	17	17	64.0298	8.0002	0.000	
fix	18	18	72.0464	0.2002	0.000	
relevance	19	19	72.2631	3.0001	0.000	
fix	20	20	75.2964	1.0004	0.000	
liking	21	21	76.3300	0.2857	0.223	7
fix	22	22	79.3131	1.0001	0.000	
helpfulness	23	23	80.3297	1.6901	1.687	7
fix	24	24	83.3297	5.0003	0.000	
instrux	25	25	88.3463	5.0002	0.000	
fix	26	26	93.3631	1.0005	0.000	
cbt06	27	27	94.3964	8.0003	0.000	
fix	28	28	102.4130	0.2004	0.000	
cbt06	29	29	102.6297	8.0005	0.000	
fix	30	30	110.6464	0.2005	0.000	
cbt06	31	31	110.8798	8.0003	0.000	
fix	32	32	118.8963	0.2005	0.000	
relevance	33	33	119.1297	1.8260	1.822	5
fix	34	34	122.1131	1.0001	0.000	
liking	35	35	123.1475	2.7192	2.717	6
fix	36	36	126.1297	1.0003	0.000	
helpfulness	37	37	127.1464	2.0403	2.038	5
fix	38	38	130.1464	5.0002	0.000	
instrux	39	39	135.1797	5.0003	0.000	
fix	40	40	140.1964	1.0004	0.000	
pst01	41	41	141.2298	8.0004	0.000	
fix	42	42	149.2630	0.2003	0.000	
pst01	43	43	149.5131	8.0004	0.000	
fix	44	44	157.5297	0.2004	0.000	
pst01	45	45	157.7631	8.0004	0.000	
fix	46	46	165.7964	0.2005	0.000	
pst01	47	47	166.0297	8.0005	0.000	
fix	48	48	174.0464	0.2002	0.000	
relevance	49	49	174.2631	1.4600	1.457	6
fix	50	50	177.2631	1.0003	0.000	
liking	51	51	178.2797	2.1473	2.145	6
fix	52	52	181.2964	1.0003	0.000	
helpfulness	53	53	182.3306	1.2161	1.214	6
fix	54	54	185.3131	5.0006	0.000	
instrux	55	55	190.3297	5.0007	0.000	
fix	56	56	195.3631	1.0002	0.000	
cbt05	57	57	196.3964	8.0006	0.000	
fix	58	58	204.4131	0.2004	0.000	
cbt05	59	59	204.6465	8.0005	0.000	
fix	60	60	212.6797	0.2001	0.000	
cbt05	61	61	212.9131	8.0000	0.000	
fix	62	62	220.9297	0.2002	0.000	
cbt05	63	63	221.1798	8.0003	0.000	
fix	64	64	229.1964	0.2005	0.000	
relevance	65	65	229.4305	0.8359	0.833	7
fix	66	66	232.4131	1.0005	0.000	
liking	67	67	233.4303	2.6606	2.658	7
fix	68	68	236.4297	1.0003	0.000	
helpfulness	69	69	237.4464	0.5401	0.538	7
fix	70	70	240.4631	5.0004	0.000	
instrux	71	71	245.4964	5.0001	0.000	
fix	72	72	250.5131	1.0004	0.000	
pst10	73	73	251.5298	8.0006	0.000	
fix	74	74	259.5464	0.2001	0.000	
pst10	75	75	259.7798	8.0007	0.000	
fix	76	76	267.7964	0.2002	0.000	
pst10	77	77	268.0464	8.0003	0.000	
fix	78	78	276.0631	0.2001	0.000	
pst10	79	79	276.3131	8.0001	0.000	
fix	80	80	284.3296	0.2004	0.000	
pst10	81	81	284.5463	8.0003	0.000	
fix	82	82	292.5631	0.2006	0.000	
relevance	83	83	292.7798	2.2788	2.276	7
fix	84	84	295.7797	1.0001	0.000	
liking	85	85	296.7971	0.5974	0.595	7
fix	86	86	299.7964	1.0004	0.000	
helpfulness	87	87	300.8298	1.5247	1.522	7
fix	88	88	303.8297	5.0006	0.000	
instrux	89	89	308.8464	5.0002	0.000	
fix	90	90	313.8630	1.0001	0.000	
cbt01	91	91	314.8964	8.0005	0.000	
fix	92	92	322.9131	0.2002	0.000	
cbt01	93	93	323.1464	8.0003	0.000	
fix	94	94	331.1798	0.2003	0.000	
cbt01	95	95	331.4131	8.0004	0.000	
fix	96	96	339.4297	0.2006	0.000	
cbt01	97	97	339.6631	8.0007	0.000	
fix	98	98	347.6970	0.2000	0.000	
cbt01	99	99	347.9464	8.0006	0.000	
fix	100	100	355.9630	0.2001	0.000	
relevance	101	101	356.1797	1.9751	1.973	9
fix	102	102	359.1798	1.0001	0.000	
liking	103	103	360.1964	1.3348	1.332	9
fix	104	104	363.2131	1.0006	0.000	
helpfulness	105	105	364.2464	1.9967	1.994	8
fix	106	106	367.2297	5.0006	0.000	
instrux	107	107	372.2464	5.0002	0.000	
fix	108	108	377.2797	1.0001	0.000	
pst05	109	109	378.3130	8.0007	0.000	
fix	110	110	386.3297	0.2001	0.000	
pst05	111	111	386.5631	8.0001	0.000	
fix	112	112	394.5797	0.2002	0.000	
pst05	113	113	394.8298	8.0000	0.000	
fix	114	114	402.8463	0.2006	0.000	
relevance	115	115	403.0631	0.8676	0.865	6
fix	116	116	406.0797	1.0004	0.000	
liking	117	117	407.1139	1.3529	1.350	6
fix	118	118	410.0964	1.0006	0.000	
helpfulness	119	119	411.1305	0.6726	0.670	6
fix	120	120	414.1135	5.0004	0.000	
instrux	121	121	419.1304	5.0001	0.000	
fix	122	122	424.1637	1.0005	0.000	
cbt07	123	123	425.1964	8.0007	0.000	
fix	124	124	433.2130	0.2002	0.000	
cbt07	125	125	433.4464	8.0004	0.000	
fix	126	126	441.4635	0.2001	0.000	
cbt07	127	127	441.6964	8.0006	0.000	
fix	128	128	449.7131	0.2003	0.000	
cbt07	129	129	449.9464	8.0006	0.000	
fix	130	130	457.9635	0.2001	0.000	
relevance	131	131	458.1798	0.9349	0.932	9
fix	132	132	461.1797	1.0003	0.000	
liking	133	133	462.1964	0.8949	0.892	9
fix	134	134	465.1969	1.0004	0.000	
helpfulness	135	135	466.2131	0.8465	0.844	9
fix	136	136	469.2297	5.0005	0.000	
instrux	137	137	474.2464	5.0006	0.000	
fix	138	138	479.2630	1.0002	0.000	
pst06	139	139	480.2965	8.0001	0.000	
fix	140	140	488.3130	0.2006	0.000	
pst06	141	141	488.5630	8.0003	0.000	
fix	142	142	496.5797	0.2006	0.000	
pst06	143	143	496.8131	8.0005	0.000	
fix	144	144	504.8297	0.2003	0.000	
pst06	145	145	505.0798	8.0003	0.000	
fix	146	146	513.1131	0.2006	0.000	
relevance	147	147	513.3464	0.8806	0.878	7
fix	148	148	516.3464	1.0004	0.000	
liking	149	149	517.3804	0.5987	0.596	7
fix	150	150	520.3631	1.0005	0.000	
helpfulness	151	151	521.3797	0.8954	0.893	7
fix	152	152	524.3802	5.0003	0.000	
instrux	153	153	529.4131	5.0002	0.000	
fix	154	154	534.4297	1.0003	0.000	
pst08	155	155	535.4631	8.0005	0.000	
fix	156	156	543.4964	0.2002	0.000	
pst08	157	157	543.7298	8.0006	0.000	
fix	158	158	551.7469	0.2004	0.000	
pst08	159	159	551.9798	8.0003	0.000	
fix	160	160	560.0131	0.2002	0.000	
relevance	161	161	560.2464	2.3327	2.330	7
fix	162	162	563.2297	1.0001	0.000	
liking	163	163	564.2470	0.7323	0.729	7
fix	164	164	567.2468	1.0007	0.000	
helpfulness	165	165	568.2638	0.7076	0.705	7
fix	166	166	571.2630	0.0000	0.000	


All Keys Pressed:

Key	Time	Accompanying Stimulus
7	76.59	liking.jpg
7	76.65	default bg, st was liking.jpg
7	82.02	helpfulness.jpg
7	82.05	default bg, st was helpfulness.jpg
5	120.95	relevance.jpg
5	120.98	default bg, st was relevance.jpg
6	125.87	liking.jpg
6	125.90	default bg, st was liking.jpg
6	126.14	fix.jpg
5	129.19	helpfulness.jpg
5	129.21	default bg, st was helpfulness.jpg
6	175.72	relevance.jpg
6	175.75	default bg, st was relevance.jpg
6	180.43	liking.jpg
6	180.46	default bg, st was liking.jpg
6	183.55	helpfulness.jpg
6	183.58	default bg, st was helpfulness.jpg
7	230.26	relevance.jpg
7	230.30	default bg, st was relevance.jpg
7	236.09	liking.jpg
7	236.11	default bg, st was liking.jpg
7	237.98	helpfulness.jpg
7	238.00	default bg, st was helpfulness.jpg
7	295.06	relevance.jpg
7	295.08	default bg, st was relevance.jpg
7	297.39	liking.jpg
7	297.41	default bg, st was liking.jpg
7	302.35	helpfulness.jpg
7	302.38	default bg, st was helpfulness.jpg
9	358.15	relevance.jpg
9	358.16	default bg, st was relevance.jpg
9	361.53	liking.jpg
9	361.56	default bg, st was liking.jpg
8	366.24	helpfulness.jpg
8	366.26	default bg, st was helpfulness.jpg
6	403.93	relevance.jpg
6	403.95	default bg, st was relevance.jpg
6	408.47	liking.jpg
6	408.50	default bg, st was liking.jpg
6	411.80	helpfulness.jpg
6	411.83	default bg, st was helpfulness.jpg
9	459.11	relevance.jpg
9	459.13	default bg, st was relevance.jpg
9	463.09	liking.jpg
9	463.11	default bg, st was liking.jpg
9	467.06	helpfulness.jpg
9	467.08	default bg, st was helpfulness.jpg
7	514.23	relevance.jpg
7	514.25	default bg, st was relevance.jpg
7	517.98	liking.jpg
7	518.00	default bg, st was liking.jpg
7	522.27	helpfulness.jpg
7	522.30	default bg, st was helpfulness.jpg
7	562.58	relevance.jpg
7	562.60	default bg, st was relevance.jpg
7	564.98	liking.jpg
7	565.00	default bg, st was liking.jpg
7	568.97	helpfulness.jpg
7	568.98	default bg, st was helpfulness.jpg
